w=5
mean_error_MV: 150595.58042270527
mean_error_LSTM: 404.84410754360516
mean_error_ARIMA: 232605.20599454548



w=6 wmv=2
mean_error_MV: 312.07357633329764
mean_error_LSTM: 401.35070266741934
mean_error_ARIMA: 468.5257541951785

